8
-0.2991177691631490
0.1386625458948965
0.5666592060193655
0.0990144585940317
0.5321794278824326
0.1224874681797869
0.4933448593402761
-0.1370673783210105
-0.3284012066806368
-0.4430823366429601
-0.0415421426564102
-0.1606733731530406
-0.4762594753289528
-0.0154257094068288
0.3696273151081099
-0.5519090645418958
-0.3765524125409983
-0.7103533158858179
0.1156031632478892
-0.1141699454678434
0.2957798993878994
0.0275422742520786
-0.3784545076960892
0.3094114401087101
-0.3182798767216223
0.1523139984888805
-0.7264596263521255
-0.1031797346320899
0.5062608811909459
-0.0309566980973056
0.0024065690485329
-0.2825677459018872
-0.3414823475270631
0.0206265184521567
-0.0598920023801747
0.9064005961706757
-0.1500310795561591
-0.1087921560264024
-0.1480519050004704
-0.0393806520560189
-0.4156909657561225
0.4240216437637411
0.2667734357299625
-0.2504354365394796
-0.1871429587997257
0.2838225619233676
-0.5706616944672255
-0.2688646304471536
-0.3908052408810062
0.1595917880740483
-0.2301220425377097
-0.0745952984097311
-0.2757062293125598
0.4421846529472466
0.3533905876494322
0.6056855720996373
-0.3427090592926784
0.2257432331900069
0.0913927903197292
-0.2255104496558023
-0.1123850668421519
-0.8337408029048615
0.0655274612108122
0.2456316560848144
