4
0.424561929108543 0.0260543586068863
-0.278436959379820 -0.309370929284626
-0.400191389880127 0.103225530763681
-0.501630095680113 0.472640894217198
-0.0493856498926351 0.557797184403864
0.153492126276103 -0.528250377324301
0.182707362020905 0.478762290187905
0.316734184552613 0.144565591953837
-0.0819305670853701 -0.325835194849928
-0.0269514284225003 -0.565607891881920
-0.403147267873732 -0.405180249911249
0.488840149131426 -0.0285778796628540
-0.221499545725352 -0.586130068007658
0.0815245933137352 -0.443699524030360
0.397351342680363 0.286372461280198
-0.379837245816252 -0.140357964726699
