8
0.0437664430585074
0
0
0
0.999041790147943
0
0
0
0.129683858081505
0.868892044098794
-0.295560130668225
0
-0.00568124501527732
0.153780222308484
-0.342304379896207
0
-0.292270238125808
0
0.666107802843172
0
0.0128038975554119
0
-0.686086410814787
0
-0.00614420408625964
-0.0411666503977312
0.0140031441804100
0.705769290003384
0.000269167877593298
0.300805302574088
0.0162178084521592
-0.639698567352885
0.914709530196804
0
0.402120270306384
0
-0.0400719799343970
0
0
0
0.0185323728808373
0.124168355203555
-0.0422367951669824
0.396065809876950
-0.000811873988082200
-0.907299945374978
-0.0489167464696596
0
0.242371264353869
-0.476172546775981
-0.552383956048180
0
-0.0106179023189723
0
-0.639746122429272
0
0.00511359122216618
0.0342614631878175
-0.0116542930798484
-0.587385379061000
-0.000224018355644840
-0.250349000981882
-0.0134974753083469
-0.768625879688335
