8
-0.272802119682521
0
0
0
0.515796148789251
-0.812116578079096
0
0
-0.164017152212655
0
0.882584347761525
0
0.310112749655764
0.252056409481219
0
0.185582574092482
0.675548176823254
-0.623289867737185
0.235750383689365
0
-0.104783870189414
-0.293477682536319
0
0.0495716507542056
0.139076137991218
0.503097935457447
0.164834688125272
0
-0.471893962375136
-0.346429762998702
0
0.598065488348144
-0.0267002448981209
0.0515834062881887
0.107060746353206
-0.957657220582217
-0.130992546015701
-0.0742277266317258
0
-0.213044809987326
-0.146686980250886
0.119192632486179
0.355061427860488
0.286730034305126
-0.474093163700082
-0.251834421783747
0
-0.683965212709416
0.633040198294118
0.584409511106158
0.0276682182890657
0.0260487100280346
0.402737469374668
0.0431412542033973
0
-0.303682281377157
0
0
0
0
0
0
1.00000000000000
0
